ISS (ZARYA)             
1 25544U 98067A   19336.22501860  .00000325  00000-0  13691-4 0  9990
2 25544  51.6444 248.2025 0006791 352.7852 167.0016 15.50081900201322
ALTAIR PATHFINDER       
1 42711U 98067LS  19335.88771082  .00790468  41513-3  46295-3 0  9997
2 42711  51.6218 135.6917 0006519 299.4881  60.5485 16.18091992145536
NSIGHT                  
1 42726U 98067MF  19336.02583143  .00037432  00000-0  19657-3 0  9999
2 42726  51.6308 173.4146 0004260 130.7453 229.3919 15.80352673144034
KESTREL EYE IIM (KE2M)  
1 42982U 98067NE  19336.12432984  .00008570  00000-0  89219-4 0  9993
2 42982  51.6350 210.2977 0004272  66.8739 293.2706 15.65494724119961
ASTERIA                 
1 43020U 98067NH  19336.06004352  .00031752  00000-0  17134-3 0  9998
2 43020  51.6389 185.2483 0000803 111.5788 248.5300 15.79848957116065
DELLINGR (RBLE)         
1 43021U 98067NJ  19336.12539273  .00008561  00000-0  87479-4 0  9993
2 43021  51.6359 209.6102 0001935  51.7979 308.3191 15.65970776115743
1KUNS-PF                
1 43466U 98067NP  19336.11826044  .00029081  00000-0  20370-3 0  9996
2 43466  51.6328 205.7142 0002282 137.4679 222.6497 15.73974738 89050
UBAKUSAT                
1 43467U 98067NQ  19336.18409400  .00012652  00000-0  12126-3 0  9993
2 43467  51.6342 215.2016 0001024  43.1380 316.9696 15.67064153 88947
BATSU-CS1 (IRAZU)       
1 43468U 98067NR  19335.88430676  .00056765  00000-0  27557-3 0  9996
2 43468  51.6338 198.0567 0003259 167.5412 192.5672 15.81879142189123
CUBERRT                 
1 43546U 98067NU  19335.89755849  .00008843  00000-0  83177-4 0  9991
2 43546  51.6355 215.5406 0004377  59.6658 300.4770 15.68008430 79048
TEMPEST-D               
1 43547U 98067NV  19335.90351628  .00003847  00000-0  53280-4 0  9992
2 43547  51.6373 232.1180 0005755  36.8878 323.2510 15.59824563 78503
RAINCUBE                
1 43548U 98067NW  19335.87560288  .00013765  00000-0  13844-3 0  9994
2 43548  51.6344 222.8766 0005160  61.2095 298.9418 15.65755573 79070
HALOSAT                 
1 43549U 98067NX  19335.89021380  .00014684  00000-0  14794-3 0  9998
2 43549  51.6357 223.0056 0004981  62.3101 297.8399 15.65646844 78637
RADIX                   
1 43550U 98067NY  19335.94736250  .00043255  00000-0  26798-3 0  9998
2 43550  51.6332 208.9759 0004663 115.5139 244.6344 15.76590726 79284
ENDUROSAT ONE           
1 43551U 98067NZ  19335.95352513  .00018574  00000-0  16646-3 0  9993
2 43551  51.6346 218.1602 0005478  75.9320 284.2285 15.68357034 79116
EQUISAT                 
1 43552U 98067PA  19335.92054997  .00013711  00000-0  13688-3 0  9997
2 43552  51.6364 221.7453 0005855  67.9282 292.2334 15.65942914 79026
1998-067PB              
1 43553U 98067PB  19335.87732138  .00009952  00000-0  10980-3 0  9996
2 43553  51.6391 225.2730 0006197  61.1371 299.0245 15.63774593 79029
1998-067PC              
1 43554U 98067PC  19336.07186921  .00020961  00000-0  18244-3 0  9997
2 43554  51.6340 216.6975 0005433  77.1705 282.9899 15.68982585 78683
AEROCUBE 12A            
1 43556U 18046C   19335.47951777  .00001190  00000-0  53900-4 0  9992
2 43556  51.6434 341.1477 0007969 306.0928  53.9314 15.29177872 76922
AEROCUBE 12B            
1 43557U 18046D   19335.50967861  .00001156  00000-0  53008-4 0  9999
2 43557  51.6430 341.3430 0007914 305.4834  54.5407 15.28981874 76877
LEMUR-2-VU              
1 43558U 18046E   19335.84217739  .00002075  00000-0  82522-4 0  9993
2 43558  51.6415 337.6191 0007257 310.5525  49.4823 15.30052012 76991
LEMUR-2-ALEXANDER       
1 43559U 18046F   19335.82338860  .00003289  00000-0  12319-3 0  9995
2 43559  51.6417 337.5009 0007303 309.9522  50.0817 15.30167433 76773
LEMUR-2-YUASA           
1 43560U 18046G   19336.17755860  .00001109  00000-0  49976-4 0  9998
2 43560  51.6420 336.1005 0007789 326.0380  34.0101 15.29972272 77042
LEMUR-2-TOMHENDERSON    
1 43561U 18046H   19335.85256047  .00001510  00000-0  63663-4 0  9991
2 43561  51.6422 337.6816 0007702 324.0063  36.0398 15.29929704 76559
SIRIUSSAT-1             
1 43595U 98067PG  19335.88764856  .00014409  00000-0  14576-3 0  9993
2 43595  51.6337 224.4356 0002927  52.9648 307.1615 15.65568765 73831
SIRIUSSAT-2             
1 43596U 98067PH  19335.87160487  .00014267  00000-0  14530-3 0  9995
2 43596  51.6350 225.1329 0003343  48.3994 311.7287 15.65406612 73828
TANUSHA-3               
1 43597U 98067PJ  19335.89726800  .00022496  00000-0  19870-3 0  9990
2 43597  51.6327 220.7024 0003328  76.7215 283.4152 15.68580897 73883
1998-067PK              
1 43598U 98067PK  19335.93183881  .00022771  00000-0  19786-3 0  9994
2 43598  51.6335 220.2167 0003344  74.8681 285.2686 15.68974609 73891
1998-067PN              
1 43638U 98067PN  19335.88877958  .00006963  00000-0  89584-4 0  9997
2 43638  51.6365 233.5127 0002413  30.9094 329.2041 15.60321733 65643
1998-067PP              
1 43639U 98067PP  19335.91562887  .00011301  00000-0  12894-3 0  9995
2 43639  51.6367 229.9583 0004298  24.5227 335.5971 15.62746504 65697
STARS-ME                
1 43640U 98067PQ  19335.75987458  .00008212  00000-0  10091-3 0  9998
2 43640  51.6357 232.6368 0004538  15.4586 344.6545 15.61254474 65646
ISS DEB (SEDA-AP)       
1 43870U 98067PU  19336.10747184  .00002842  00000-0  46408-4 0  9998
2 43870  51.6430 239.4879 0004687  37.7002 322.4306 15.56362484 53742
CATSAT-2                
1 44029U 98067PV  19335.88895396  .00011013  00000-0  14109-3 0  9990
2 44029  51.6382 238.0498 0005240  63.6681 296.4850 15.59728584 47482
DELPHINI                
1 44030U 98067PW  19335.73321186  .00010857  00000-0  13758-3 0  9991
2 44030  51.6356 238.4695 0005063  63.5218 296.6293 15.60037979 47437
UNITE                   
1 44031U 98067PX  19335.85455155  .00006203  00000-0  88097-4 0  9998
2 44031  51.6377 240.0515 0003823  60.0520 300.0851 15.57877122 47428
TECHEDSAT 8             
1 44032U 98067PY  19335.91531991  .00041345  00000-0  34530-3 0  9997
2 44032  51.6343 229.1685 0004415 101.8366 258.3127 15.69601729 47554
CATSAT-1                
1 44033U 98067PZ  19335.88891624  .00011589  00000-0  14811-3 0  9993
2 44033  51.6384 238.0519 0005140  62.8192 297.3324 15.59731601 47390
CYGNUS NG-11            
1 44188U 19022A   19335.93065256  .00000203  00000-0  17651-4 0  9995
2 44188  51.6301 265.0223 0005483 177.0595 183.0420 15.33410708 35173
ISS DEB                 
1 44303U 98067QA  19335.82932546  .00003393  00000-0  61307-4 0  9993
2 44303  51.6414 248.1633 0005150 316.3706  43.6877 15.52768597 28887
ISS DEB                 
1 44304U 98067QB  19335.87641354  .00011054  00000-0  16580-3 0  9998
2 44304  51.6400 246.2343 0004314 295.4746  64.5799 15.55456421 28925
ISS DEB                 
1 44305U 98067QC  19335.47685767  .00014200  00000-0  20313-3 0  9996
2 44305  51.6368 247.2584 0003903   5.9305 354.1732 15.56485034 28877
ISS DEB                 
1 44306U 98067QD  19336.16678322  .00003811  00000-0  68205-4 0  9992
2 44306  51.6402 246.6433 0006470 312.6673  47.3771 15.52656902 28943
RAAVANA-1               
1 44329U 98067QE  19335.80418117  .00006685  00000-0  10749-3 0  9992
2 44329  51.6395 247.2318 0006273 350.1143   9.9724 15.54292290 26070
UGUISU                  
1 44330U 98067QF  19335.80860013  .00006649  00000-0  10714-3 0  9992
2 44330  51.6395 247.2601 0006228 348.6825  11.4024 15.54243280 26050
NEPALISAT-1             
1 44331U 98067QG  19335.86475860  .00006709  00000-0  10771-3 0  9991
2 44331  51.6398 246.8870 0006324 351.7455   8.3431 15.54326868 26071
SPOOQY-1                
1 44332U 98067QH  19335.79760093  .00006520  00000-0  10492-3 0  9990
2 44332  51.6396 247.1858 0005247 355.7312   4.3633 15.54320606 26028
PINOT                   
1 44364U 98067QJ  19335.92486671  .00003969  00000-0  71036-4 0  9993
2 44364  51.6480 248.0305 0006308 313.4904  46.5545 15.52527275 24488
IOD-1 GEMS              
1 44385U 98067QK  19336.14485349  .00011108  00000-0  17086-3 0  9990
2 44385  51.6407 245.7762 0002071 322.1541  37.9304 15.54759806 23584
SWIATOWID               
1 44426U 98067QL  19336.03718845  .00012536  00000-0  19139-3 0  9991
2 44426  51.6438 246.3452 0002358 315.8698 139.2416 15.54828673 23586
KRAKSAT                 
1 44427U 98067QM  19335.82318511  .00005508  00000-0  93219-4 0  9997
2 44427  51.6412 248.1222 0002892 303.7477  56.3238 15.53252154 23583
VCC A                   
1 44428U 98067QN  19335.46945627  .00007384  00000-0  12005-3 0  9999
2 44428  51.6410 249.5114 0002269 332.5448  27.5422 15.53804371 23537
ENTRYSAT                
1 44429U 98067QP  19335.32653741  .00009228  00000-0  14642-3 0  9996
2 44429  51.6404 250.0539 0001896 322.0980  37.9877 15.54135403 23510
VCC C                   
1 44430U 98067QQ  19335.77231418  .00009870  00000-0  15477-3 0  9990
2 44430  51.6402 247.7834 0002051 339.5403  20.5505 15.54374060 22416
VCC B                   
1 44431U 98067QR  19335.79283305  .00006525  00000-0  10694-3 0  9995
2 44431  51.6408 247.9193 0002398 331.3407  28.7451 15.53804019 23525
SOYUZ-MS 13             
1 44437U 19041A   19335.75331851  .00005981  00000-0  11232-3 0  9996
2 44437  51.6447 250.5405 0006891 348.7627  57.0761 15.50091363 20802
PROGRESS-MS 12          
1 44455U 19047A   19333.51783652  .00005209  00000-0  10000-3 0  9999
2 44455  51.6557 261.6161 0011642  29.1270 133.6262 15.49733374 18762
SOYUZ-MS 15             
1 44550U 19064A   19335.75331851  .00005981  00000-0  11232-3 0  9997
2 44550  51.6447 250.5405 0006891 348.7627  57.0761 15.50091363 10425
CYGNUS NG-12            
1 44701U 19071A   19335.75331851  .00005981  00000-0  11232-3 0  9993
2 44701  51.6447 250.5405 0006891 348.7627  57.0761 15.50091363  4527
1998-067QT              
1 44788U 98067QT  19336.12766685  .00010513  00000-0  18763-3 0  9992
2 44788  51.6444 248.6374 0005401 352.8221   7.2633 15.50644271  2574
1998-067QU              
1 44789U 98067QU  19335.74188839  .00010731  00000-0  19196-3 0  9992
2 44789  51.6459 250.5590 0006693 352.5448   7.5436 15.50546481  2506
OBJECT QV               
1 44790U 98067QV  19336.08558505 -.00000465  00000-0  00000+0 0  9997
2 44790  51.6426 248.8286 0008044  14.0321 119.4249 15.50849407  1829
OBJECT QW               
1 44791U 98067QW  19334.14487978 -.00000460  00000-0  00000+0 0  9993
2 44791  51.6419 258.4531 0002770 328.2989 122.0579 15.50804483  1520
OBJECT QX               
1 44792U 98067QX  19335.94827682 -.00000462  00000-0  00000+0 0  9995
2 44792  51.6432 249.5340 0005824   5.8452  70.8256 15.50656944  1801
